58 00 00 0 137 50 00 0
59 00 07 6 140 17 28 7
59 29 02 2 142 07 24 6
60 32 00 0 141 20 00 0
60 21 00 0 139 11 00 0
60 21 05 000 139 04 29 999
60 19 14 998 139 03 59 998
60 05 09 999 139 11 59 999
59 59 30 000 139 03 00 000
59 53 59 998 138 42 30 000
59 48 29 999 138 39 59 999
59 46 12 000 138 37 12 000
59 31 12 000 136 14 24 000
59 34 00 000 135 01 59 998
59 28 14 999 135 01 30 000
59 27 14 998 135 03 59 998
59 25 45 000 135 05 59 999
59 22 59 998 134 58 59 999
59 21 30 000 135 01 30 000
59 16 59 999 134 57 30 000
59 15 00 000 134 41 59 999
59 11 30 000 134 41 00 000
59 07 59 998 134 34 29 999
59 07 59 998 134 28 59 999
59 05 30 000 134 26 59 999
59 02 29 999 134 22 59 999
58 58 30 000 134 24 29 998
58 57 44 998 134 18 59 998
58 55 29 999 134 20 15 000
58 51 30 000 134 15 00 000
58 45 59 998 133 57 30 000
58 43 30 000 133 50 00 000
58 36 00 000 133 41 29 998
58 31 29 998 133 33 30 000
58 25 29 999 133 22 30 000
58 23 15 000 133 27 30 000
58 16 29 998 133 20 30 000
58 12 44 998 133 15 00 000
58 09 29 999 133 10 30 000
58 00 00 000 133 04 14 999
57 50 14 998 132 52 00 000
57 42 00 000 132 45 00 000
57 37 00 000 132 39 59 999
57 29 30 000 132 33 00 000
57 21 00 000 132 22 00 000
57 12 30 000 132 15 00 000
57 05 14 998 132 22 30 000
57 02 29 999 132 02 29 999
57 00 00 000 132 05 00 000
56 52 30 000 132 07 59 999
56 48 29 999 131 52 30 000
56 45 00 000 131 54 00 000
56 42 14 998 131 52 00 000
56 36 00 000 131 50 30 000
56 36 44 999 131 35 00 000
56 32 59 999 131 28 00 000
56 27 00 000 131 11 00 000
56 24 29 999 131 05 00 000
56 21 44 999 130 46 59 998
56 15 59 998 130 37 30 000
56 14 44 999 130 33 00 000
56 14 30 000 130 28 00 000
56 08 29 998 130 26 00 000
56 07 45 000 130 20 30 000
56 05 44 999 130 15 00 000
56 07 30 000 130 05 59 999
56 00 29 998 130 00 00 000
55 54 59 999 130 01 00 000
55 54 29 999 130 00 00 000
55 49 30 000 130 05 00 000
55 48 29 999 130 07 30 000
55 45 59 998 130 09 00 000
55 43 00 000 130 08 45 000
55 40 59 999 130 06 29 999
55 35 00 000 130 07 30 000
55 30 15 000 130 05 44 998
55 26 44 998 130 01 59 998
55 20 30 000 130 01 30 000
55 16 59 999 129 58 14 998
55 11 30 000 130 05 59 999
55 04 00 000 130 11 15 000
54 58 30 000 130 16 00 000
54 51 00 000 130 26 59 999
54 47 45 000 130 33 00 000
54 46 45 000 130 37 44 998
54 45 45 000 130 39 00 000
54 44 30 000 130 37 30 000
54 42 30 000 130 36 29 999
54 29 30 000 131 48 00 000
54 35 00 000 132 50 00 000
54 24 35 999 133 15 35 999